foregroundnetwork 3.51560894923448 8320657 1 1651.3585355553046	
capturebefriend 3.51560894923448 15146639 1 28602.005411442555	
pixley 3.214578953570499 266241 1 122921.38112834634 12687106 22 25914.440251727185	
lindros 3.51560894923448 13933570 1 105284.8262289764	
mindesert 3.51560894923448 23944571 1 35525.662828278844	
regresar 3.51560894923448 26822867 1 109727.3216898917	
glendambo 3.51560894923448 30700270 1 14267.242196939624	
smelting 1.5662189425895676 266241 1 53449.835606200635 12687106 1 26839.497778243778 12870151 1 2059.143370699868 9713418 2 3086.9833124619563 1103627 3 397596.60148568463 1652238 1 3122.0064313619664 1483029 1 356.8850805308289 26905 1 101238.2059794297 140827 1 116943.16601885433 273436 1 30681.90861239405 16685091 1 574.471488512334 14555687 4 1762.9351796612234 607836 1 2129.699969025085 2861703 2 676.3701182193356 25918508 1 38753.62186544803 5388424 2 3007.928740911118 25234995 3 9005.296461354552 13767267 1 4924.047730233801 923872 1 16349.26390347306 28538434 1 1432.6522244929456 12467211 1 4744.607450581936 11936580 1 1171.6242202217604 29248585 1 1325.79226486593 19309904 1 3451.780988919035 382289 2 23977.319782232902 29322067 1 3928.4540716405286 951124 1 75601.56514348717 5046618 1 1886204.8653685516 5604188 1 5908.303231387505 450913 1 290119.8353363028 12488547 2 5675.396035461992 40293 1 23642.37985208833 1518440 1 15987.5799884215 2489532 1 6022.924854951896 1344523 1 17365.40431703468 794216 2 510.7861193902504 20555890 1 10604.101573711801 21831542 3 5464.534157328131 16983671 1 2543.3059989839508 171131 1 20409.32082975255 2174593 1 675.7060706716333 260482 1 5336.70043909634 13683076 1 1960.3677870569425 1639813 3 6439.835372997409 3391622 1 2176.6857302767926 1605255 1 1877.6183673438863 2205320 1 25609.503813030926 14914 2 89632.80801268136 5334888 1 1921.8194442966485 21648 1 233888.81786905017 32658 1 11993.723808920156 8755609 4 20845.913480009058 18871453 1 533.3435147660663 1271199 1 1259.0258185957848 29924772 1 1216.7901343853798 4484806 8 13771.379895975148 8585639 1 2233.748686808286 4759978 2 12081.092430914932 30892 1 49848.61678464776 224173 1 562023.0633113583 11835570 1 5284.954948103045 8430775 1 8970.208089647318 52665 1 69155.63814741325 25953980 2 4822.74170512558 15322302 1 149236.458190589 2804415 1 3312.671865923406 25200772 2 40827.94018635375 7660534 1 12458.753364558046 19999686 1 400.78899346638946 31330417 1 5389.257141979472 46793 1 31957.76945814999 19235703 1 4696.375828044177 1544659 1 808.7655620398465 1097432 4 118881.0806757757 546009 6 7913.204390228459 507099 1 2659.5215788394926 21680096 1 20.77611565587488 25315664 2 8931.329443093258 4183522 1 1103.2439986998354 2094203 1 16210.159818301689 188900 3 15663.733512029916 22075629 6 16050.921317277915 25342959 1 178.21128035709805 21866737 1 10176.622230761004 2071283 2 5065.161586171113 22646772 5 6801.270651469747 27409654 1 18570.86327238912 7731194 1 1221.3628941018255 648959 1 49848.710604716194	
medicinefradd 3.51560894923448 20900836 1 113924.47475795176	
ndtnde 3.51560894923448 636219 1 30102.8760720657	
